100 0.15 -0.8 252 999
99.025
98.06
97.104
96.157
95.22
94.292
93.373
92.463
91.562
90.669
89.785
88.91
88.043
87.185
86.335
85.493
84.66
83.835
83.018
82.209
81.408
80.614
79.828
79.05
78.279
77.516
76.76
76.012
75.271
74.537
73.81
73.09
72.377
71.671
70.972
70.28
69.595
68.917
68.245
67.58
66.921
66.269
65.623
64.983
64.35
63.723
63.102
62.487
61.878
61.275
60.678
60.086
59.5
58.92
58.346
57.777
57.214
56.656
56.104
55.557
55.015
54.479
53.948
53.422
52.901
52.385
51.874
51.368
50.867
50.371
49.88
49.394
48.912
48.435
47.963
47.495
47.032
46.574
46.12
45.67
45.225
44.784
44.347
43.915
43.487
43.063
42.643
42.227
41.815
41.407
41.003
40.603
40.207
39.815
39.427
39.043
38.662
38.285
37.912
37.542
37.176
36.814
36.455
36.1
35.748
35.4
35.055
34.713
34.375
34.04
33.708
33.379
33.054
32.732
32.413
32.097
31.784
31.474
31.167
30.863
30.562
30.264
29.969
29.677
29.388
29.102
28.818
28.537
28.259
27.984
27.711
27.441
27.173
26.908
26.646
26.386
26.129
25.874
25.622
25.372
25.125
24.88
24.637
24.397
24.159
23.923
23.69
23.459
23.23
23.004
22.78
22.558
22.338
22.12
21.904
21.69
21.479
21.27
21.063
20.858
20.655
20.454
20.255
20.058
19.862
19.668
19.476
19.286
19.098
18.912
18.728
18.545
18.364
18.185
18.008
17.832
17.658
17.486
17.316
17.147
16.98
16.814
16.65
16.488
16.327
16.168
16.01
15.854
15.699
15.546
15.394
15.244
15.095
14.948
14.802
14.658
14.515
14.374
14.234
14.095
13.958
13.822
13.687
13.554
13.422
13.291
13.161
13.033
12.906
12.78
12.655
12.532
12.41
12.289
12.169
12.05
11.933
11.817
11.702
11.588
11.475
11.363
11.252
11.142
11.033
10.925
10.818
10.713
10.609
10.506
10.404
10.303
10.203
10.104
10.006
9.908
9.811
9.715
9.62
9.526
9.433
9.341
9.25
9.16
9.071
8.983
8.895
8.808
8.722
8.637
8.553
8.47
