100 0.4 -0.8 252 999
101.059
102.129
103.211
104.304
105.409
106.526
107.654
108.794
109.946
111.111
112.288
113.477
114.679
115.894
117.122
118.363
119.617
120.884
122.164
123.458
124.766
126.088
127.424
128.774
130.138
131.516
132.909
134.317
135.74
137.178
138.631
140.099
141.583
143.083
144.599
146.131
147.679
149.243
150.824
152.422
154.037
155.669
157.318
158.984
160.668
162.37
164.09
165.828
167.585
169.36
171.154
172.967
174.799
176.651
178.522
180.413
182.324
184.255
186.207
188.179
190.172
192.186
194.222
196.279
198.358
200.459
202.582
204.728
206.897
209.089
211.304
213.542
215.804
218.09
220.4
222.735
225.094
227.478
229.888
232.323
234.784
237.271
239.784
242.324
244.891
247.485
250.106
252.755
255.432
258.138
260.872
263.635
266.428
269.25
272.102
274.984
277.897
280.841
283.816
286.822
289.86
292.93
296.033
299.169
302.338
305.54
308.776
312.047
315.352
318.692
322.068
325.479
328.927
332.411
335.932
339.49
343.086
346.72
350.393
354.104
357.855
361.646
365.477
369.348
373.26
377.214
381.21
385.248
389.329
393.453
397.621
401.833
406.089
410.39
414.737
419.13
423.57
428.057
432.591
437.173
441.804
446.484
451.213
455.992
460.822
465.703
470.636
475.621
480.659
485.75
490.895
496.095
501.35
506.66
512.027
517.451
522.932
528.471
534.069
539.726
545.443
551.221
557.06
562.961
568.924
574.95
581.04
587.195
593.415
599.701
606.053
612.473
618.961
625.517
632.143
638.839
645.606
652.444
659.355
666.339
673.397
680.53
687.738
695.023
702.385
709.825
717.344
724.942
732.621
740.381
748.223
756.148
764.157
772.251
780.431
788.698
797.052
805.495
814.027
822.649
831.363
840.169
849.068
858.062
867.151
876.336
885.618
894.999
904.479
914.06
923.742
933.527
943.415
953.408
963.507
973.713
984.027
994.45
1004.98
1015.63
1026.39
1037.26
1048.25
1059.35
1070.57
1081.91
1093.37
1104.95
1116.65
1128.48
1140.44
1152.52
1164.72
1177.06
1189.53
1202.13
1214.86
1227.73
1240.73
1253.88
1267.16
1280.58
1294.14
1307.85
1321.71
1335.71
1349.85
1364.15
1378.6
1393.2
1407.96
1422.88
