100 0.4 1 252 999
100.269
100.539
100.81
101.082
101.354
101.627
101.901
102.176
102.451
102.727
103.004
103.282
103.56
103.839
104.119
104.4
104.681
104.963
105.246
105.53
105.814
106.099
106.385
106.672
106.959
107.247
107.536
107.826
108.117
108.408
108.7
108.993
109.287
109.581
109.876
110.172
110.469
110.767
111.065
111.364
111.664
111.965
112.267
112.569
112.872
113.176
113.481
113.787
114.094
114.401
114.709
115.018
115.328
115.639
115.951
116.263
116.576
116.89
117.205
117.521
117.838
118.155
118.473
118.792
119.112
119.433
119.755
120.078
120.402
120.726
121.051
121.377
121.704
122.032
122.361
122.691
123.022
123.353
123.685
124.018
124.352
124.687
125.023
125.36
125.698
126.037
126.377
126.717
127.058
127.4
127.743
128.087
128.432
128.778
129.125
129.473
129.822
130.172
130.523
130.875
131.228
131.582
131.937
132.292
132.648
133.005
133.363
133.722
134.082
134.443
134.805
135.168
135.532
135.897
136.263
136.63
136.998
137.367
137.737
138.108
138.48
138.853
139.227
139.602
139.978
140.355
140.733
141.112
141.492
141.873
142.255
142.638
143.022
143.407
143.793
144.18
144.568
144.958
145.349
145.741
146.134
146.528
146.923
147.319
147.716
148.114
148.513
148.913
149.314
149.716
150.119
150.523
150.929
151.336
151.744
152.153
152.563
152.974
153.386
153.799
154.213
154.628
155.045
155.463
155.882
156.302
156.723
157.145
157.568
157.993
158.419
158.846
159.274
159.703
160.133
160.564
160.997
161.431
161.866
162.302
162.739
163.177
163.617
164.058
164.5
164.943
165.387
165.833
166.28
166.728
167.177
167.627
168.079
168.532
168.986
169.441
169.898
170.356
170.815
171.275
171.736
172.199
172.663
173.128
173.594
174.062
174.531
175.001
175.473
175.946
176.42
176.895
177.372
177.85
178.329
178.809
179.291
179.774
180.258
180.744
181.231
181.719
182.209
182.7
183.192
183.686
184.181
184.677
185.175
185.674
186.174
186.676
187.179
187.683
188.189
188.696
189.204
189.714
190.225
190.738
191.252
191.767
192.284
192.802
193.321
193.842
194.364
194.888
195.413
195.939
196.467
196.996
