100 0.15 1 252 999
100.341
100.683
101.027
101.372
101.718
102.065
102.413
102.762
103.113
103.465
103.818
104.172
104.527
104.884
105.242
105.601
105.961
106.323
106.686
107.05
107.415
107.781
108.149
108.518
108.888
109.259
109.632
110.006
110.381
110.758
111.136
111.515
111.895
112.277
112.66
113.044
113.43
113.817
114.205
114.595
114.986
115.378
115.772
116.167
116.563
116.961
117.36
117.76
118.162
118.565
118.97
119.376
119.783
120.192
120.602
121.013
121.426
121.84
122.256
122.673
123.092
123.512
123.933
124.356
124.78
125.206
125.633
126.062
126.492
126.924
127.357
127.792
128.228
128.665
129.104
129.544
129.986
130.429
130.874
131.321
131.769
132.219
132.67
133.123
133.577
134.033
134.49
134.949
135.409
135.871
136.335
136.8
137.267
137.735
138.205
138.677
139.15
139.625
140.101
140.579
141.059
141.54
142.023
142.508
142.994
143.482
143.972
144.463
144.956
145.451
145.947
146.445
146.945
147.446
147.949
148.454
148.96
149.468
149.978
150.49
151.003
151.518
152.035
152.554
153.074
153.596
154.12
154.646
155.174
155.703
156.234
156.767
157.302
157.839
158.378
158.918
159.46
160.004
160.55
161.098
161.648
162.199
162.752
163.307
163.864
164.423
164.984
165.547
166.112
166.679
167.248
167.819
168.392
168.967
169.543
170.121
170.701
171.283
171.867
172.453
173.041
173.631
174.223
174.817
175.413
176.011
176.611
177.214
177.819
178.426
179.035
179.646
180.259
180.874
181.491
182.11
182.731
183.354
183.98
184.608
185.238
185.87
186.504
187.14
187.778
188.419
189.062
189.707
190.354
191.003
191.655
192.309
192.965
193.623
194.284
194.947
195.612
196.279
196.949
197.621
198.295
198.972
199.651
200.332
201.015
201.701
202.389
203.079
203.772
204.467
205.165
205.865
206.567
207.272
207.979
208.689
209.401
210.115
210.832
211.551
212.273
212.997
213.724
214.453
215.185
215.919
216.656
217.395
218.137
218.881
219.628
220.377
221.129
221.883
222.64
223.4
224.162
224.927
225.694
226.464
227.237
228.012
228.79
229.571
230.354
231.14
231.929
232.72
233.514
234.311
235.11
235.912
